25.65 24.79 24.01 25.06 25.48 24.97
25.31 24.21 24.02 24.93 25.16 24.83
25.05 23.73 23.89 24.79 24.80 24.55
24.59 23.36 23.83 24.84 24.66 24.48
24.59 23.05 23.69 24.82 24.88 24.38
24.40 22.80 23.52 24.79 24.87 24.40
24.38 22.79 23.68 25.10 24.71 24.41
26.72 25.61 24.92 26.56 25.03 24.91
28.84 26.93 26.51 26.53 25.75 25.85
30.29 28.72 27.48 26.95 26.64 26.79
31.35 29.97 28.96 27.23 27.68 27.45
31.53 30.21 29.86 27.34 28.39 28.98
31.55 30.94 30.65 27.45 28.73 28.93
31.51 31.58 29.86 27.48 27.44 27.47
31.13 30.58 29.62 26.68 27.29 27.71
